[OBJECTS]
# type	x	y	extra_settings per object type
# type: 0 = Simon , 1 = Brick, 2 = Torch

#Simon
0	100	230

#Brick
1	0	325	1
1	32	325	1
1	64	325	1
1	96	325	1
1	128	325	1
1	160	325	1
1	192	325	1
1	224	325	1
1	256	325	1
1	288	325	1
1	320	325	1
1	352	325	1
1	384	325	1
1	416	325	1
1	448	325	1
1	480	325	1
1	512	325	1
1	544	325	1
1	576	325	1
1	608	325	1
1	640	325	1
1	672	325	1
1	704	325	1
1	736	325	1
1	768	325	1
1	800	325	1
1	832	325	1
1	864	325	1
1	896	325	1
1	928	325	1
1	960	325	1
1	992	325	1
1	1024	325	1
1	1056	325	1
1	1088	325	1
1	1120	325	1
1	1152	325	1
1	1184	325	1
1	1216	325	1	
1	1248	325	1
1	1280	325	1
1	1312	325	1
1	1344	325	1
1	1376	325	1
1	1408	325	1
1	1440	325	1
1	1472	325	1
1	1504	325	1
1	1536	325	1	
1	1568	325	1
	
1	1000	270	2
1	1032	270	2
1	1064	270	2
1	1200	220	2
1	1232	220	2
1	1264	220	2
1	1400	170	2
1	1432	170	2
1	1464	170	2

#Torch
2	200	275
2	450	275
2	700	275
2	950	275
2	1200	275