[OBJECTS]
# type	x	y	extra_settings per object type
# type: 1 = Brick, 2 = Torch, 3 = Gate

#Brick
1	0	425	1
1	32	425	1
1	64	425	1
1	96	425	1
1	128	425	1
1	160	425	1
1	192	425	1
1	224	425	1
1	256	425	1
1	288	425	1
1	320	425	1
1	352	425	1
1	384	425	1
1	416	425	1
1	448	425	1
1	480	425	1
1	512	425	1
1	544	425	1
1	576	425	1	
1	608	425	1
1	640	425	1
1	672	425	1
1	704	425	1
1	736	425	1
1	768	425	1
1	800	425	1
1	832	425	1
1	864	425	1
1	896	425	1
1	928	425	1
1	960	425	1
1	992	425	1
1	1024	425	1
1	1056	425	1
1	1088	425	1
1	1120	425	1
1	1152	425	1
1	1184	425	1
1	1216	425	1
1	1248	425	1
1	1280	425	1
1	1312	425	1
1	1344	425	1
1	1376	425	1
1	1408	425	1
1	1440	425	1
1	1472	425	1
1	1504	425	1
1	1536	425	1
1	1568	425	1	

#Torch
2	200	375
2	450	375
2	700	375
2	950	375
2	1200	375

#Gate
3	1600	360	2